0.000000	2.6054400E-49	3.000E-14	2.3290900E-01	1.0134800E-30	3.000E-18	6.4885400E-09	3.000E-16	3.000001E-18	7.6709100E-01
0.001230	2.8632500E-49	3.000E-14	2.3290900E-01	1.0624400E-30	3.000E-18	7.1305500E-09	3.000E-16	3.000001E-18	7.6709100E-01
0.002459	3.1465600E-49	3.000E-14	2.3290900E-01	1.1137600E-30	3.000E-18	7.8360900E-09	3.000E-16	3.000001E-18	7.6709100E-01
0.003689	3.4579100E-49	3.000E-14	2.3290900E-01	1.1675600E-30	3.000E-18	8.6114300E-09	3.000E-16	3.000001E-18	7.6709100E-01
0.004918	3.8000700E-49	3.000E-14	2.3290900E-01	1.2239700E-30	3.000E-18	9.4634900E-09	3.000E-16	3.000001E-18	7.6709100E-01
0.006148	4.1760900E-49	3.000E-14	2.3290900E-01	1.2831000E-30	3.000E-18	1.0399900E-08	3.000E-16	3.000001E-18	7.6709100E-01
0.007378	4.5893100E-49	3.000E-14	2.3290900E-01	1.3450800E-30	3.000E-18	1.1428900E-08	3.000E-16	3.000002E-18	7.6709100E-01
0.008607	5.0434300E-49	3.000E-14	2.3290900E-01	1.4100600E-30	3.000E-18	1.2559700E-08	3.000E-16	3.000002E-18	7.6709100E-01
0.009837	5.5424800E-49	3.000E-14	2.3290900E-01	1.4781800E-30	3.000E-18	1.3802400E-08	3.000E-16	3.000002E-18	7.6709100E-01
0.011066	6.0909200E-49	3.000E-14	2.3290900E-01	1.5495900E-30	3.000E-18	1.5168100E-08	3.000E-16	3.000002E-18	7.6709100E-01
0.012296	6.6936300E-49	3.000E-14	2.3290900E-01	1.6244500E-30	3.000E-18	1.6668900E-08	3.000E-16	3.000002E-18	7.6709100E-01
0.013525	7.3559900E-49	3.000E-14	2.3290900E-01	1.7029300E-30	3.000E-18	1.8318300E-08	3.000E-16	3.000002E-18	7.6709100E-01
0.014755	8.0838900E-49	3.000E-14	2.3290900E-01	1.7852000E-30	3.000E-18	2.0130800E-08	3.000E-16	3.000003E-18	7.6709100E-01
0.015985	8.8838300E-49	3.000E-14	2.3290900E-01	1.8714500E-30	3.000E-18	2.2122600E-08	3.000E-16	3.000003E-18	7.6709100E-01
0.017214	9.7629400E-49	3.000E-14	2.3290900E-01	1.9618600E-30	3.000E-18	2.4311500E-08	3.000E-16	3.000003E-18	7.6709100E-01
0.018444	1.0729000E-48	3.000E-14	2.3290900E-01	2.0566500E-30	3.000E-18	2.6717100E-08	3.000E-16	3.000004E-18	7.6709100E-01
0.019673	1.1790800E-48	3.000E-14	2.3290900E-01	2.1560100E-30	3.000E-18	2.9360600E-08	3.000E-16	3.000004E-18	7.6709100E-01
0.020903	1.2957600E-48	3.000E-14	2.3290900E-01	2.2601800E-30	3.000E-18	3.2265700E-08	3.000E-16	3.000004E-18	7.6709100E-01
0.022133	1.4239900E-48	3.000E-14	2.3290900E-01	2.3693800E-30	3.000E-18	3.5458200E-08	3.000E-16	3.000005E-18	7.6709100E-01
0.023362	1.5649100E-48	3.000E-14	2.3290900E-01	2.4838600E-30	3.000E-18	3.8966600E-08	3.000E-16	3.000005E-18	7.6709100E-01
0.024592	1.7197700E-48	3.000E-14	2.3290900E-01	2.6038700E-30	3.000E-18	4.2822200E-08	3.000E-16	3.000006E-18	7.6709100E-01
0.025821	1.8899700E-48	3.000E-14	2.3290900E-01	2.7296900E-30	3.000E-18	4.7059300E-08	3.000E-16	3.000006E-18	7.6709100E-01
0.027051	2.0770200E-48	3.000E-14	2.3290900E-01	2.8615800E-30	3.000E-18	5.1715600E-08	3.000E-16	3.000007E-18	7.6709100E-01
0.028280	2.2825800E-48	3.000E-14	2.3290900E-01	2.9998600E-30	3.000E-18	5.6832600E-08	3.000E-16	3.000008E-18	7.6709100E-01
0.029510	2.5084900E-48	3.000E-14	2.3290900E-01	3.1448200E-30	3.000E-18	6.2455900E-08	3.000E-16	3.000008E-18	7.6709100E-01
0.030740	2.7567700E-48	3.000E-14	2.3290900E-01	3.2967900E-30	3.000E-18	6.8635600E-08	3.000E-16	3.000009E-18	7.6709100E-01
0.031969	3.0296300E-48	3.000E-14	2.3290900E-01	3.4561100E-30	3.000E-18	7.5426800E-08	3.000E-16	3.000010E-18	7.6709100E-01
0.033199	3.3295000E-48	3.000E-14	2.3290900E-01	3.6231400E-30	3.000E-18	8.2889900E-08	3.000E-16	3.000011E-18	7.6709100E-01
0.034428	3.6590700E-48	3.000E-14	2.3290900E-01	3.7982400E-30	3.000E-18	9.1091500E-08	3.000E-16	3.000012E-18	7.6709100E-01
0.035658	4.0212700E-48	3.000E-14	2.3290900E-01	3.9818200E-30	3.000E-18	1.0010500E-07	3.000E-16	3.000013E-18	7.6709100E-01
0.036888	4.4193400E-48	3.000E-14	2.3290900E-01	4.1742800E-30	3.000E-18	1.1000900E-07	3.000E-16	3.000015E-18	7.6709100E-01
0.038117	4.8568500E-48	3.000E-14	2.3290900E-01	4.3760600E-30	3.000E-18	1.2089400E-07	3.000E-16	3.000016E-18	7.6709100E-01
0.039347	5.3376800E-48	3.000E-14	2.3290900E-01	4.5876100E-30	3.000E-18	1.3285600E-07	3.000E-16	3.000018E-18	7.6709100E-01
0.040576	5.8661500E-48	3.000E-14	2.3290900E-01	4.8093900E-30	3.000E-18	1.4600200E-07	3.000E-16	3.000019E-18	7.6709100E-01
0.041806	6.4469800E-48	3.000E-14	2.3290900E-01	5.0419200E-30	3.000E-18	1.6044800E-07	3.000E-16	3.000021E-18	7.6709100E-01
0.043036	7.0853600E-48	3.000E-14	2.3290900E-01	5.2857100E-30	3.000E-18	1.7632400E-07	3.000E-16	3.000023E-18	7.6709100E-01
0.044265	7.7870100E-48	3.000E-14	2.3290900E-01	5.5413100E-30	3.000E-18	1.9377000E-07	3.000E-16	3.000026E-18	7.6709100E-01
0.045495	8.5582100E-48	3.000E-14	2.3290900E-01	5.8093000E-30	3.000E-18	2.1294300E-07	3.000E-16	3.000028E-18	7.6709100E-01
0.046724	9.4058500E-48	3.000E-14	2.3290900E-01	6.0902900E-30	3.000E-18	2.3401200E-07	3.000E-16	3.000031E-18	7.6709100E-01
0.047954	1.0337500E-47	3.000E-14	2.3290900E-01	6.3849000E-30	3.000E-18	2.5716700E-07	3.000E-16	3.000034E-18	7.6709100E-01
0.049183	1.1361600E-47	3.000E-14	2.3290900E-01	6.6938100E-30	3.000E-18	2.8261200E-07	3.000E-16	3.000038E-18	7.6709100E-01
0.050413	1.2487300E-47	3.000E-14	2.3290900E-01	7.0177100E-30	3.000E-18	3.1057500E-07	3.000E-16	3.000041E-18	7.6709100E-01
0.051643	1.3724700E-47	3.000E-14	2.3290900E-01	7.3573400E-30	3.000E-18	3.4130500E-07	3.000E-16	3.000045E-18	7.6709100E-01
0.052872	1.5084900E-47	3.000E-14	2.3290900E-01	7.7134800E-30	3.000E-18	3.7507600E-07	3.000E-16	3.000050E-18	7.6709100E-01
0.054102	1.6580100E-47	3.000E-14	2.3290900E-01	8.0869300E-30	3.000E-18	4.1218800E-07	3.000E-16	3.000055E-18	7.6709100E-01
0.055331	1.8223800E-47	3.000E-14	2.3290900E-01	8.4785500E-30	3.000E-18	4.5297200E-07	3.000E-16	3.000060E-18	7.6709100E-01
0.056561	2.0030800E-47	3.000E-14	2.3290900E-01	8.8892400E-30	3.000E-18	4.9779100E-07	3.000E-16	3.000066E-18	7.6709100E-01
0.057791	2.2017500E-47	3.000E-14	2.3290800E-01	9.3199300E-30	3.000E-18	5.4704600E-07	3.000E-16	3.000073E-18	7.6709100E-01
0.059020	2.4201600E-47	3.000E-14	2.3290800E-01	9.7716300E-30	3.000E-18	6.0117300E-07	3.000E-16	3.000080E-18	7.6709100E-01
0.060250	2.6603000E-47	3.000E-14	2.3290800E-01	1.0245400E-29	3.000E-18	6.6065600E-07	3.000E-16	3.000088E-18	7.6709100E-01
0.061479	2.9243500E-47	3.000E-14	2.3290800E-01	1.0742300E-29	3.000E-18	7.2602500E-07	3.000E-16	3.000096E-18	7.6709100E-01
0.062709	3.2146900E-47	3.000E-14	2.3290800E-01	1.1263400E-29	3.000E-18	7.9786200E-07	3.000E-16	3.000106E-18	7.6709100E-01
0.063938	3.5339700E-47	3.000E-14	2.3290800E-01	1.1810200E-29	3.000E-18	8.7680600E-07	3.000E-16	3.000117E-18	7.6709100E-01
0.065168	3.8850900E-47	3.000E-14	2.3290800E-01	1.2383700E-29	3.000E-18	9.6356200E-07	3.000E-16	3.000128E-18	7.6709100E-01
0.066398	4.2712500E-47	3.000E-14	2.3290800E-01	1.2985400E-29	3.000E-18	1.0589000E-06	3.000E-16	3.000141E-18	7.6709100E-01
0.067627	4.6959800E-47	3.000E-14	2.3290800E-01	1.3616600E-29	3.000E-18	1.1636800E-06	3.000E-16	3.000155E-18	7.6709100E-01
0.068857	5.1631800E-47	3.000E-14	2.3290700E-01	1.4279000E-29	3.000E-18	1.2788200E-06	3.000E-16	3.000170E-18	7.6709100E-01
0.070086	5.6771400E-47	3.000E-14	2.3290700E-01	1.4974100E-29	3.000E-18	1.4053500E-06	3.000E-16	3.000187E-18	7.6709100E-01
0.071316	6.2426000E-47	3.000E-14	2.3290700E-01	1.5703600E-29	3.000E-18	1.5444000E-06	3.000E-16	3.000205E-18	7.6709100E-01
0.072546	6.8647800E-47	3.000E-14	2.3290700E-01	1.6469300E-29	3.000E-18	1.6972100E-06	3.000E-16	3.000226E-18	7.6709100E-01
0.073775	7.5494600E-47	3.000E-14	2.3290700E-01	1.7273000E-29	3.000E-18	1.8651400E-06	3.000E-16	3.000248E-18	7.6709100E-01
0.075005	8.3030200E-47	3.000E-14	2.3290600E-01	1.8116800E-29	3.000E-18	2.0496900E-06	3.000E-16	3.000272E-18	7.6709200E-01
0.076234	9.1325300E-47	3.000E-14	2.3290600E-01	1.9002700E-29	3.000E-18	2.2524900E-06	3.000E-16	3.000299E-18	7.6709200E-01
0.077464	1.0045800E-46	3.000E-14	2.3290600E-01	1.9933200E-29	3.000E-18	2.4753700E-06	3.000E-16	3.000329E-18	7.6709200E-01
0.078694	1.1051400E-46	3.000E-14	2.3290600E-01	2.0910500E-29	3.000E-18	2.7202900E-06	3.000E-16	3.000362E-18	7.6709200E-01
0.079923	1.2158900E-46	3.000E-14	2.3290500E-01	2.1937100E-29	3.000E-18	2.9894500E-06	3.000E-16	3.000397E-18	7.6709200E-01
0.081153	1.3378900E-46	3.000E-14	2.3290500E-01	2.3016000E-29	3.000E-18	3.2852400E-06	3.000E-16	3.000437E-18	7.6709200E-01
0.082382	1.4723300E-46	3.000E-14	2.3290400E-01	2.4149800E-29	3.000E-18	3.6103000E-06	3.000E-16	3.000480E-18	7.6709200E-01
0.083612	1.6204900E-46	3.001E-14	2.3290400E-01	2.5341900E-29	3.001E-18	3.9675200E-06	3.001E-16	3.000527E-18	7.6709200E-01
0.084841	1.7838400E-46	3.001E-14	2.3290300E-01	2.6595400E-29	3.001E-18	4.3600800E-06	3.001E-16	3.000579E-18	7.6709200E-01
0.086071	1.9639700E-46	3.001E-14	2.3290300E-01	2.7913900E-29	3.001E-18	4.7914800E-06	3.001E-16	3.000637E-18	7.6709200E-01
0.087301	2.1627000E-46	3.001E-14	2.3290200E-01	2.9301300E-29	3.001E-18	5.2655700E-06	3.001E-16	3.000700E-18	7.6709300E-01
0.088530	2.3820100E-46	3.001E-14	2.3290100E-01	3.0761800E-29	3.001E-18	5.7865700E-06	3.001E-16	3.000769E-18	7.6709300E-01
0.089760	2.6241500E-46	3.001E-14	2.3290100E-01	3.2299700E-29	3.001E-18	6.3591200E-06	3.001E-16	3.000845E-18	7.6709300E-01
0.090989	2.8916000E-46	3.001E-14	2.3290000E-01	3.3919900E-29	3.001E-18	6.9883200E-06	3.001E-16	3.000929E-18	7.6709300E-01
0.092219	3.1871500E-46	3.001E-14	2.3289900E-01	3.5627600E-29	3.001E-18	7.6797700E-06	3.001E-16	3.001021E-18	7.6709400E-01
0.093449	3.5139500E-46	3.001E-14	2.3289800E-01	3.7428400E-29	3.001E-18	8.4396300E-06	3.001E-16	3.001122E-18	7.6709400E-01
0.094678	3.8755100E-46	3.001E-14	2.3289700E-01	3.9328600E-29	3.001E-18	9.2746800E-06	3.001E-16	3.001233E-18	7.6709400E-01
0.095908	4.2757900E-46	3.001E-14	2.3289500E-01	4.1334900E-29	3.001E-18	1.0192300E-05	3.001E-16	3.001355E-18	7.6709400E-01
0.097137	4.7192400E-46	3.001E-14	2.3289400E-01	4.3454600E-29	3.001E-18	1.1200800E-05	3.001E-16	3.001489E-18	7.6709500E-01
0.098367	5.2109100E-46	3.002E-14	2.3289300E-01	4.5695700E-29	3.002E-18	1.2309100E-05	3.002E-16	3.001636E-18	7.6709500E-01
0.099596	5.7565200E-46	3.002E-14	2.3289100E-01	4.8067200E-29	3.002E-18	1.3526900E-05	3.002E-16	3.001798E-18	7.6709600E-01
0.100826	6.3625400E-46	3.002E-14	2.3288900E-01	5.0578900E-29	3.002E-18	1.4865300E-05	3.002E-16	3.001976E-18	7.6709600E-01
0.102056	7.0363400E-46	3.002E-14	2.3288700E-01	5.3241700E-29	3.002E-18	1.6336100E-05	3.002E-16	3.002171E-18	7.6709700E-01
0.103285	7.7863600E-46	3.002E-14	2.3288500E-01	5.6067400E-29	3.002E-18	1.7952500E-05	3.002E-16	3.002386E-18	7.6709700E-01
0.104515	8.6222300E-46	3.003E-14	2.3288200E-01	5.9069600E-29	3.003E-18	1.9728700E-05	3.003E-16	3.002622E-18	7.6709800E-01
0.105744	9.5550100E-46	3.003E-14	2.3288000E-01	6.2263300E-29	3.003E-18	2.1680700E-05	3.003E-16	3.002881E-18	7.6709900E-01
0.106974	1.0597500E-45	3.003E-14	2.3287700E-01	6.5665100E-29	3.003E-18	2.3825800E-05	3.003E-16	3.003166E-18	7.6709900E-01
0.108204	1.1764300E-45	3.003E-14	2.3287400E-01	6.9293900E-29	3.003E-18	2.6183100E-05	3.003E-16	3.003480E-18	7.6710000E-01
0.109433	1.3072700E-45	3.004E-14	2.3287000E-01	7.3171100E-29	3.004E-18	2.8773700E-05	3.004E-16	3.003824E-18	7.6710100E-01
0.110663	1.4542500E-45	3.004E-14	2.3286600E-01	7.7320500E-29	3.004E-18	3.1620500E-05	3.004E-16	3.004202E-18	7.6710200E-01
0.111892	1.6197000E-45	3.005E-14	2.3286200E-01	8.1769600E-29	3.005E-18	3.4749000E-05	3.005E-16	3.004618E-18	7.6710300E-01
0.113122	1.8063600E-45	3.005E-14	2.3285700E-01	8.6549600E-29	3.005E-18	3.8187000E-05	3.005E-16	3.005075E-18	7.6710400E-01
0.114352	2.0174600E-45	3.006E-14	2.3285200E-01	9.1696000E-29	3.006E-18	4.1965100E-05	3.006E-16	3.005577E-18	7.6710600E-01
0.115581	2.2568200E-45	3.006E-14	2.3284700E-01	9.7249900E-29	3.006E-18	4.6116900E-05	3.006E-16	3.006129E-18	7.6710700E-01
0.116811	2.5290100E-45	3.007E-14	2.3284000E-01	1.0325800E-28	3.007E-18	5.0679500E-05	3.007E-16	3.006735E-18	7.6710900E-01
0.118040	2.8394700E-45	3.007E-14	2.3283400E-01	1.0977600E-28	3.007E-18	5.5693500E-05	3.007E-16	3.007401E-18	7.6711100E-01
0.119270	3.1947800E-45	3.008E-14	2.3282600E-01	1.1686600E-28	3.008E-18	6.1203400E-05	3.008E-16	3.008134E-18	7.6711300E-01
0.120499	3.6028700E-45	3.009E-14	2.3281800E-01	1.2460300E-28	3.009E-18	6.7258400E-05	3.009E-16	3.008938E-18	7.6711500E-01
0.121729	4.0734500E-45	3.010E-14	2.3280900E-01	1.3307400E-28	3.010E-18	7.3912400E-05	3.010E-16	3.009822E-18	7.6711700E-01
0.122959	4.6183500E-45	3.011E-14	2.3279900E-01	1.4237900E-28	3.011E-18	8.1224400E-05	3.011E-16	3.010794E-18	7.6712000E-01
0.124188	5.2522000E-45	3.012E-14	2.3278800E-01	1.5264200E-28	3.012E-18	8.9259800E-05	3.012E-16	3.011861E-18	7.6712300E-01
0.125418	5.9931300E-45	3.013E-14	2.3277600E-01	1.6400400E-28	3.013E-18	9.8089800E-05	3.013E-16	3.013035E-18	7.6712600E-01
0.126647	6.8638500E-45	3.014E-14	2.3276300E-01	1.7663700E-28	3.014E-18	1.0779300E-04	3.014E-16	3.014324E-18	7.6712900E-01
0.127877	7.8929100E-45	3.016E-14	2.3274800E-01	1.9074800E-28	3.016E-18	1.1845600E-04	3.016E-16	3.015741E-18	7.6713300E-01
0.129107	9.1165900E-45	3.017E-14	2.3273300E-01	2.0658400E-28	3.017E-18	1.3017400E-04	3.017E-16	3.017297E-18	7.6713700E-01
0.130336	1.0581300E-44	3.019E-14	2.3271500E-01	2.2444900E-28	3.019E-18	1.4305000E-04	3.019E-16	3.019008E-18	7.6714200E-01
0.131566	1.2347000E-44	3.021E-14	2.3269600E-01	2.4471000E-28	3.021E-18	1.5720000E-04	3.021E-16	3.020888E-18	7.6714700E-01
0.132795	1.4491700E-44	3.023E-14	2.3267500E-01	2.6782300E-28	3.023E-18	1.7274900E-04	3.023E-16	3.022953E-18	7.6715200E-01
0.134025	1.7118100E-44	3.025E-14	2.3265200E-01	2.9434800E-28	3.025E-18	1.8983500E-04	3.025E-16	3.025222E-18	7.6715900E-01
0.135254	2.0362900E-44	3.028E-14	2.3262600E-01	3.2498900E-28	3.028E-18	2.0861000E-04	3.028E-16	3.027716E-18	7.6716500E-01
0.136484	2.4409300E-44	3.030E-14	2.3259800E-01	3.6062600E-28	3.030E-18	2.2924200E-04	3.030E-16	3.030456E-18	7.6717300E-01
0.137714	2.9506800E-44	3.033E-14	2.3256700E-01	4.0237900E-28	3.033E-18	2.5191300E-04	3.033E-16	3.033467E-18	7.6718100E-01
0.138943	3.5998200E-44	3.037E-14	2.3253400E-01	4.5167400E-28	3.037E-18	2.7682500E-04	3.037E-16	3.036775E-18	7.6719000E-01
0.140173	4.4361600E-44	3.040E-14	2.3249600E-01	5.1035700E-28	3.040E-18	3.0419800E-04	3.040E-16	3.040410E-18	7.6719900E-01
0.141402	5.5272500E-44	3.044E-14	2.3245600E-01	5.8083000E-28	3.044E-18	3.3427700E-04	3.044E-16	3.044403E-18	7.6721000E-01
0.142632	6.9699400E-44	3.049E-14	2.3241100E-01	6.6625000E-28	3.049E-18	3.6732800E-04	3.049E-16	3.048791E-18	7.6722200E-01
0.143862	8.9052600E-44	3.054E-14	2.3236200E-01	7.7082400E-28	3.054E-18	4.0364400E-04	3.054E-16	3.053611E-18	7.6723500E-01
0.145091	1.1542000E-43	3.059E-14	2.3230700E-01	9.0020800E-28	3.059E-18	4.4354700E-04	3.059E-16	3.058907E-18	7.6724900E-01
0.146321	1.5195000E-43	3.065E-14	2.3224800E-01	1.0621100E-27	3.065E-18	4.8739100E-04	3.065E-16	3.064725E-18	7.6726500E-01
0.147550	2.0347500E-43	3.071E-14	2.3218300E-01	1.2671600E-27	3.071E-18	5.3556400E-04	3.071E-16	3.071116E-18	7.6728200E-01
0.148780	2.7756900E-43	3.078E-14	2.3211100E-01	1.5302500E-27	3.078E-18	5.8849200E-04	3.078E-16	3.078138E-18	7.6730100E-01
0.150010	3.8635800E-43	3.086E-14	2.3203200E-01	1.8725100E-27	3.086E-18	6.4664500E-04	3.086E-16	3.085851E-18	7.6732200E-01
0.151239	5.4970300E-43	3.094E-14	2.3194500E-01	2.3244300E-27	3.094E-18	7.1053700E-04	3.094E-16	3.094323E-18	7.6734400E-01
0.152469	8.0094300E-43	3.104E-14	2.3185000E-01	2.9306900E-27	3.104E-18	7.8073100E-04	3.104E-16	3.103629E-18	7.6736900E-01
0.153698	1.1975200E-42	3.114E-14	2.3174500E-01	3.7580100E-27	3.114E-18	8.5784600E-04	3.114E-16	3.113850E-18	7.6739700E-01
0.154928	1.8412100E-42	3.125E-14	2.3163000E-01	4.9078400E-27	3.125E-18	9.4256500E-04	3.125E-16	3.125076E-18	7.6742700E-01
0.156157	2.9178200E-42	3.137E-14	2.3150400E-01	6.5375300E-27	3.137E-18	1.0356300E-03	3.137E-16	3.137404E-18	7.6746000E-01
0.157387	4.7774000E-42	3.151E-14	2.3136500E-01	8.8964100E-27	3.151E-18	1.1378700E-03	3.151E-16	3.150943E-18	7.6749700E-01
0.158617	8.1023900E-42	3.166E-14	2.3121300E-01	1.2388500E-26	3.166E-18	1.2501700E-03	3.166E-16	3.165809E-18	7.6753700E-01
0.159846	1.4272000E-41	3.182E-14	2.3104600E-01	1.7684100E-26	3.182E-18	1.3735300E-03	3.182E-16	3.182132E-18	7.6758100E-01
0.161076	2.6183300E-41	3.200E-14	2.3086200E-01	2.5924100E-26	3.200E-18	1.5090200E-03	3.200E-16	3.200052E-18	7.6762900E-01
0.162305	5.0175700E-41	3.220E-14	2.3066000E-01	3.9102900E-26	3.220E-18	1.6578300E-03	3.220E-16	3.219725E-18	7.6768200E-01
0.163535	1.0073900E-40	3.241E-14	2.3043800E-01	6.0806300E-26	3.241E-18	1.8212700E-03	3.241E-16	3.241320E-18	7.6774100E-01
0.164765	2.1256000E-40	3.265E-14	2.3019500E-01	9.7678700E-26	3.265E-18	2.0007500E-03	3.265E-16	3.265021E-18	7.6780500E-01
0.165994	4.7281500E-40	3.291E-14	2.2992700E-01	1.6242200E-25	3.291E-18	2.1978400E-03	3.291E-16	3.291030E-18	7.6787500E-01
0.167224	1.1122400E-39	3.320E-14	2.2963400E-01	2.8014300E-25	3.320E-18	2.4142500E-03	3.320E-16	3.319569E-18	7.6795200E-01
0.168453	2.7756300E-39	3.351E-14	2.2931100E-01	5.0221100E-25	3.351E-18	2.6518500E-03	3.351E-16	3.350878E-18	7.6803700E-01
0.169683	7.3709200E-39	3.385E-14	2.2895700E-01	9.3764900E-25	3.385E-18	2.9127000E-03	3.385E-16	3.385221E-18	7.6813000E-01
0.170912	2.0890900E-38	3.423E-14	2.2856900E-01	1.8267400E-24	3.423E-18	3.1990400E-03	3.423E-16	3.422885E-18	7.6823200E-01
0.172142	6.3369300E-38	3.464E-14	2.2814200E-01	3.7203200E-24	3.464E-18	3.5133400E-03	3.464E-16	3.464182E-18	7.6834400E-01
0.173372	2.0625100E-37	3.509E-14	2.2767400E-01	7.9336300E-24	3.509E-18	3.8582700E-03	3.509E-16	3.509452E-18	7.6846800E-01
0.174601	7.2191100E-37	3.559E-14	2.2716100E-01	1.7741300E-23	3.559E-18	4.2367700E-03	3.559E-16	3.559066E-18	7.6860300E-01
0.175831	2.7224200E-36	3.613E-14	2.2659700E-01	4.1652700E-23	3.613E-18	4.6520500E-03	3.613E-16	3.613426E-18	7.6875100E-01
0.177060	1.1077100E-35	3.673E-14	2.2597900E-01	1.0276300E-22	3.673E-18	5.1076200E-03	3.673E-16	3.672967E-18	7.6891300E-01
0.178290	4.8671100E-35	3.738E-14	2.2530100E-01	2.6656900E-22	3.738E-18	5.6072900E-03	3.738E-16	3.738161E-18	7.6909200E-01
0.179520	2.3100600E-34	3.810E-14	2.2455800E-01	7.2715100E-22	3.810E-18	6.1552400E-03	3.810E-16	3.809520E-18	7.6928700E-01
0.180749	1.1837400E-33	3.888E-14	2.2374300E-01	2.0851100E-21	3.888E-18	6.7559900E-03	3.888E-16	3.887594E-18	7.6950100E-01
0.181979	6.5412200E-33	3.973E-14	2.2284900E-01	6.2802000E-21	3.973E-18	7.4144900E-03	3.973E-16	3.972978E-18	7.6973600E-01
0.183208	3.8898100E-32	4.066E-14	2.2187000E-01	1.9840300E-20	4.066E-18	8.1361000E-03	4.066E-16	4.066308E-18	7.6999400E-01
0.184438	2.4822300E-31	4.168E-14	2.2079700E-01	6.5618900E-20	4.168E-18	8.9266700E-03	4.168E-16	4.168271E-18	7.7027600E-01
0.185668	1.6932400E-30	4.280E-14	2.1962200E-01	2.2661800E-19	4.280E-18	9.7925100E-03	4.280E-16	4.279598E-18	7.7058500E-01
0.186897	1.2288600E-29	4.401E-14	2.1833600E-01	8.1466100E-19	4.401E-18	1.0740500E-02	4.401E-16	4.401068E-18	7.7092300E-01
0.188127	9.4350400E-29	4.534E-14	2.1692800E-01	3.0369900E-18	4.534E-18	1.1778000E-02	4.534E-16	4.533507E-18	7.7129300E-01
0.189356	7.6139600E-28	4.678E-14	2.1538800E-01	1.1689900E-17	4.678E-18	1.2913100E-02	4.678E-16	4.677790E-18	7.7169900E-01
0.190586	6.4109700E-27	4.835E-14	2.1370400E-01	4.6234900E-17	4.835E-18	1.4154400E-02	4.835E-16	4.834835E-18	7.7214100E-01
0.191815	5.5871500E-26	5.006E-14	2.1186300E-01	1.8689400E-16	5.006E-18	1.5511200E-02	5.006E-16	5.005601E-18	7.7262600E-01
0.193045	4.9963500E-25	5.191E-14	2.0985200E-01	7.6770000E-16	5.191E-18	1.6993500E-02	5.191E-16	5.191086E-18	7.7315400E-01
0.194275	4.5434200E-24	5.392E-14	2.0765600E-01	3.1852100E-15	5.392E-18	1.8612000E-02	5.392E-16	5.392316E-18	7.7373200E-01
0.195504	4.1611200E-23	5.610E-14	2.0526000E-01	1.3264300E-14	5.610E-18	2.0378000E-02	5.610E-16	5.610335E-18	7.7436200E-01
0.196734	3.8016100E-22	5.846E-14	2.0264700E-01	5.5087400E-14	5.846E-18	2.2303800E-02	5.846E-16	5.846201E-18	7.7504900E-01
0.197963	3.4321400E-21	6.101E-14	1.9980000E-01	2.2672800E-13	6.101E-18	2.4402300E-02	6.101E-16	6.100971E-18	7.7579800E-01
0.199193	3.0332000E-20	6.376E-14	1.9670000E-01	9.1899700E-13	6.376E-18	2.6687100E-02	6.376E-16	6.375680E-18	7.7661300E-01
0.200423	2.6009600E-19	6.671E-14	1.9332700E-01	3.6466800E-12	6.671E-18	2.9172700E-02	6.671E-16	6.671338E-18	7.7750000E-01
0.201652	2.1449800E-18	6.989E-14	1.8966200E-01	1.4084300E-11	6.989E-18	3.1873900E-02	6.989E-16	6.988875E-18	7.7846400E-01
0.202882	1.6891000E-17	7.329E-14	1.8568200E-01	5.2682200E-11	7.329E-18	3.4806900E-02	7.329E-16	7.329201E-18	7.7951100E-01
0.204111	1.2607700E-16	7.693E-14	1.8136700E-01	1.8992700E-10	7.693E-18	3.7987500E-02	7.693E-16	7.693088E-18	7.8064600E-01
0.205341	8.8710900E-16	8.081E-14	1.7669200E-01	6.5740100E-10	8.081E-18	4.1432700E-02	8.081E-16	8.081264E-18	7.8187500E-01
0.206570	5.8553600E-15	8.494E-14	1.7163500E-01	2.1774000E-09	8.494E-18	4.5159700E-02	8.494E-16	8.494335E-18	7.8320500E-01
0.207800	3.6124100E-14	8.933E-14	1.6617300E-01	6.8833000E-09	8.933E-18	4.9185800E-02	8.933E-16	8.932832E-18	7.8464100E-01
0.209030	2.0780800E-13	9.397E-14	1.6028100E-01	2.0731400E-08	9.397E-18	5.3528200E-02	9.397E-16	9.397222E-18	7.8619100E-01
0.210259	1.1133900E-12	9.888E-14	1.5393600E-01	5.9428400E-08	9.888E-18	5.8204200E-02	9.888E-16	9.887965E-18	7.8785900E-01
0.211489	5.5559600E-12	1.041E-13	1.4711700E-01	1.6209900E-07	1.041E-17	6.3230300E-02	1.041E-15	1.040556E-17	7.8965300E-01
0.212718	2.5824000E-11	1.095E-13	1.3980000E-01	4.2058200E-07	1.095E-17	6.8622500E-02	1.095E-15	1.095015E-17	7.9157700E-01
0.213948	1.1180900E-10	1.152E-13	1.3196600E-01	1.0375900E-06	1.152E-17	7.4395400E-02	1.152E-15	1.152144E-17	7.9363700E-01
0.215178	4.5128800E-10	1.212E-13	1.2359700E-01	2.4337300E-06	1.212E-17	8.0562300E-02	1.212E-15	1.211882E-17	7.9583800E-01
0.216407	1.7005900E-09	1.274E-13	1.1467700E-01	5.4281900E-06	1.274E-17	8.7134400E-02	1.274E-15	1.274141E-17	7.9818400E-01
0.217637	5.9946300E-09	1.339E-13	1.0519200E-01	1.1515200E-05	1.339E-17	9.4119600E-02	1.339E-15	1.338792E-17	8.0067700E-01
0.218866	1.9825900E-08	1.406E-13	9.5131500E-02	2.3243400E-05	1.406E-17	1.0152400E-01	1.406E-15	1.405676E-17	8.0332100E-01
0.220096	6.1731900E-08	1.475E-13	8.4490700E-02	4.4646500E-05	1.475E-17	1.0934700E-01	1.475E-15	1.474583E-17	8.0611700E-01
0.221326	1.8185200E-07	1.545E-13	7.3266400E-02	8.1600100E-05	1.545E-17	1.1758600E-01	1.545E-15	1.545269E-17	8.0906400E-01
0.222555	5.1017100E-07	1.617E-13	6.1461600E-02	1.4177500E-04	1.617E-17	1.2623200E-01	1.617E-15	1.617437E-17	8.1216200E-01
0.223785	1.3768600E-06	1.691E-13	4.9086300E-02	2.3356600E-04	1.691E-17	1.3526700E-01	1.691E-15	1.690746E-17	8.1540600E-01
0.225014	3.6394700E-06	1.765E-13	3.6162300E-02	3.6252300E-04	1.765E-17	1.4466900E-01	1.765E-15	1.764809E-17	8.1879300E-01
0.226244	9.8150000E-06	1.839E-13	2.2739000E-02	5.2064400E-04	1.839E-17	1.5440000E-01	1.839E-15	1.839175E-17	8.2231500E-01
0.227473	3.1458000E-05	1.913E-13	8.9770400E-03	6.4044600E-04	1.913E-17	1.6436800E-01	1.913E-15	1.913024E-17	8.2596500E-01
0.228703	6.7707000E-04	1.940E-13	3.2452300E-05	1.8432300E-04	1.940E-17	1.6936900E-01	1.940E-15	1.940340E-17	8.2973200E-01
0.229933	2.5199400E-03	1.873E-13	7.2571200E-07	4.9128800E-05	1.873E-17	1.6382000E-01	1.873E-15	1.872750E-17	8.3360500E-01
0.231162	4.4189200E-03	1.804E-13	6.5031800E-08	1.7847600E-05	1.804E-17	1.5798900E-01	1.804E-15	1.803667E-17	8.3757000E-01
0.232392	6.3564500E-03	1.734E-13	7.7868000E-09	6.7372000E-06	1.734E-17	1.5202200E-01	1.734E-15	1.734373E-17	8.4161300E-01
0.233621	8.3233800E-03	1.665E-13	1.0068500E-09	2.5016700E-06	1.665E-17	1.4595600E-01	1.665E-15	1.665253E-17	8.4571600E-01
0.234851	1.0311300E-02	1.597E-13	1.2940500E-10	8.9330100E-07	1.597E-17	1.3982300E-01	1.597E-15	1.596623E-17	8.4986400E-01
0.236081	1.2311500E-02	1.529E-13	1.5835500E-11	3.0287100E-07	1.529E-17	1.3365000E-01	1.529E-15	1.528781E-17	8.5403800E-01
0.237310	1.4315100E-02	1.462E-13	1.7965100E-12	9.6663600E-08	1.462E-17	1.2746500E-01	1.462E-15	1.462002E-17	8.5821900E-01
0.238540	1.6313400E-02	1.397E-13	1.8547400E-13	2.8850800E-08	1.397E-17	1.2129700E-01	1.397E-15	1.396540E-17	8.6239000E-01
0.239769	1.8297600E-02	1.333E-13	1.7184300E-14	8.0098500E-09	1.333E-17	1.1517200E-01	1.333E-15	1.332624E-17	8.6653100E-01
0.240999	2.0259100E-02	1.270E-13	1.4131700E-15	2.0592700E-09	1.270E-17	1.0911700E-01	1.270E-15	1.270460E-17	8.7062400E-01
0.242228	2.2189800E-02	1.210E-13	1.0224300E-16	4.8841500E-10	1.210E-17	1.0315600E-01	1.210E-15	1.210227E-17	8.7465400E-01
0.243458	2.4082100E-02	1.152E-13	6.4621000E-18	1.0653600E-10	1.152E-17	9.7314900E-02	1.152E-15	1.152079E-17	8.7860300E-01
0.244688	2.5928800E-02	1.096E-13	3.5486200E-19	2.1321000E-11	1.096E-17	9.1613900E-02	1.096E-15	1.096146E-17	8.8245700E-01
0.245917	2.7723900E-02	1.043E-13	1.6864400E-20	3.9080700E-12	1.043E-17	8.6072300E-02	1.043E-15	1.042525E-17	8.8620400E-01
0.247147	2.9461700E-02	9.913E-14	6.9209800E-22	6.5556900E-13	9.913E-18	8.0707700E-02	9.913E-16	9.912980E-18	8.8983100E-01
0.248376	3.1137700E-02	9.425E-14	2.4567100E-23	1.0076600E-13	9.425E-18	7.5533800E-02	9.425E-16	9.425450E-18	8.9332800E-01
0.249606	3.2747900E-02	8.963E-14	7.5399200E-25	1.4193500E-14	8.963E-18	7.0562900E-02	8.963E-16	8.962655E-18	8.9668900E-01
0.250836	3.4289600E-02	8.524E-14	2.0016700E-26	1.8329400E-15	8.524E-18	6.5803800E-02	8.524E-16	8.524304E-18	8.9990700E-01
0.252065	3.5760500E-02	8.110E-14	4.6140100E-28	2.1754200E-16	8.110E-18	6.1263100E-02	8.110E-16	8.110213E-18	9.0297600E-01
0.253295	3.7159300E-02	7.720E-14	9.2992100E-30	2.3829100E-17	7.720E-18	5.6944800E-02	7.720E-16	7.720166E-18	9.0589600E-01
0.254524	3.8485400E-02	7.354E-14	1.6550500E-31	2.4233500E-18	7.354E-18	5.2850900E-02	7.354E-16	7.353856E-18	9.0866400E-01
0.255754	3.9739000E-02	7.011E-14	2.6341500E-33	2.3051600E-19	7.011E-18	4.8981100E-02	7.011E-16	7.010845E-18	9.1128000E-01
0.256984	4.0920600E-02	6.691E-14	3.8053800E-35	2.0690300E-20	6.691E-18	4.5333400E-02	6.691E-16	6.690554E-18	9.1374600E-01
0.258213	4.2031500E-02	6.392E-14	5.0740200E-37	1.7695900E-21	6.392E-18	4.1903900E-02	6.392E-16	6.392261E-18	9.1606500E-01
0.259443	4.3073400E-02	6.115E-14	6.3588800E-39	1.4575800E-22	6.115E-18	3.8687500E-02	6.115E-16	6.115118E-18	9.1823900E-01
0.260672	4.4048300E-02	5.858E-14	7.6352400E-41	1.1693100E-23	5.858E-18	3.5678100E-02	5.858E-16	5.858199E-18	9.2027400E-01
0.261902	4.4958500E-02	5.620E-14	8.9578700E-43	9.2412900E-25	5.620E-18	3.2868300E-02	5.620E-16	5.620472E-18	9.2217300E-01
0.263131	4.5806500E-02	5.401E-14	1.0475900E-44	7.2796700E-26	5.401E-18	3.0250400E-02	5.401E-16	5.400896E-18	9.2394300E-01
0.264361	4.6595200E-02	5.198E-14	1.2454000E-46	5.7813900E-27	5.198E-18	2.7815600E-02	5.198E-16	5.198381E-18	9.2558900E-01
0.265591	4.7327400E-02	5.012E-14	1.5341800E-48	4.6811600E-28	5.012E-18	2.5555200E-02	5.012E-16	5.011854E-18	9.2711700E-01
0.266820	4.8006100E-02	4.840E-14	1.9945600E-50	3.9058400E-29	4.840E-18	2.3460200E-02	4.840E-16	4.840252E-18	9.2853400E-01
0.268050	4.8634200E-02	4.683E-14	2.7841700E-52	3.3921400E-30	4.683E-18	2.1521200E-02	4.683E-16	4.682546E-18	9.2984500E-01
0.269279	4.9214600E-02	4.538E-14	4.2395400E-54	3.0949700E-31	4.538E-18	1.9729300E-02	4.538E-16	4.537740E-18	9.3105600E-01
0.270509	4.9750400E-02	4.405E-14	7.1442100E-56	2.9916000E-32	4.405E-18	1.8075400E-02	4.405E-16	4.404887E-18	9.3217400E-01
0.271739	5.0244300E-02	4.283E-14	1.3493500E-57	3.0863200E-33	4.283E-18	1.6550600E-02	4.283E-16	4.283089E-18	9.3320500E-01
0.272968	5.0699200E-02	4.171E-14	2.8879500E-59	3.4201400E-34	4.171E-18	1.5146500E-02	4.171E-16	4.171495E-18	9.3415400E-01
0.274198	5.1117600E-02	4.069E-14	7.0689000E-61	4.0932000E-35	4.069E-18	1.3854800E-02	4.069E-16	4.069315E-18	9.3502800E-01
0.275427	5.1502100E-02	3.976E-14	1.9933300E-62	5.3130700E-36	3.976E-18	1.2667600E-02	3.976E-16	3.975797E-18	9.3583000E-01
0.276657	5.1855300E-02	3.890E-14	6.5123000E-64	7.5049100E-37	3.890E-18	1.1577400E-02	3.890E-16	3.890254E-18	9.3656700E-01
0.277886	5.2179300E-02	3.812E-14	2.4744400E-65	1.1562100E-37	3.812E-18	1.0577100E-02	3.812E-16	3.812035E-18	9.3724400E-01
0.279116	5.2476500E-02	3.741E-14	1.0959800E-66	1.9454500E-38	3.741E-18	9.6598300E-03	3.741E-16	3.740543E-18	9.3786400E-01
0.280346	5.2748700E-02	3.675E-14	5.6630200E-68	3.5768700E-39	3.675E-18	8.8193400E-03	3.675E-16	3.675223E-18	9.3843200E-01
0.281575	5.2998100E-02	3.616E-14	3.4116500E-69	7.1839100E-40	3.616E-18	8.0496500E-03	3.616E-16	3.615562E-18	9.3895200E-01
0.282805	5.3226300E-02	3.561E-14	2.3921000E-70	1.5745600E-40	3.561E-18	7.3451900E-03	3.561E-16	3.561087E-18	9.3942900E-01
0.284034	5.3435000E-02	3.511E-14	1.9465100E-71	3.7600900E-41	3.511E-18	6.7007500E-03	3.511E-16	3.511360E-18	9.3986400E-01
0.285264	5.3625900E-02	3.466E-14	1.8314000E-72	9.7623700E-42	3.466E-18	6.1114900E-03	3.466E-16	3.465980E-18	9.4026300E-01
0.286494	5.3800400E-02	3.425E-14	1.9833600E-73	2.7486000E-42	3.425E-18	5.5729200E-03	3.425E-16	3.424575E-18	9.4062700E-01
0.287723	5.3959700E-02	3.387E-14	2.4600100E-74	8.3680200E-43	3.387E-18	5.0808800E-03	3.387E-16	3.386809E-18	9.4095900E-01
0.288953	5.4105300E-02	3.352E-14	3.4749800E-75	2.7459000E-43	3.352E-18	4.6314900E-03	3.352E-16	3.352364E-18	9.4126300E-01
0.290182	5.4238200E-02	3.321E-14	5.5581200E-76	9.6794800E-44	3.321E-18	4.2212000E-03	3.321E-16	3.320959E-18	9.4154100E-01
0.291412	5.4359500E-02	3.292E-14	1.0004300E-76	3.6524400E-44	3.292E-18	3.8467100E-03	3.292E-16	3.292326E-18	9.4179400E-01
0.292642	5.4470200E-02	3.266E-14	2.0139900E-77	1.4700800E-44	3.266E-18	3.5050000E-03	3.266E-16	3.266228E-18	9.4202500E-01
0.293871	5.4571200E-02	3.242E-14	4.5060700E-78	6.2885100E-45	3.242E-18	3.1932600E-03	3.242E-16	3.242442E-18	9.4223600E-01
0.295101	5.4663300E-02	3.221E-14	1.1135500E-78	2.8487200E-45	3.221E-18	2.9089400E-03	3.221E-16	3.220767E-18	9.4242800E-01
0.296330	5.4747300E-02	3.201E-14	3.0208700E-79	1.3617900E-45	3.201E-18	2.6496700E-03	3.201E-16	3.201017E-18	9.4260300E-01
0.297560	5.4823900E-02	3.183E-14	8.9425800E-80	6.8459800E-46	3.183E-18	2.4133000E-03	3.183E-16	3.183024E-18	9.4276300E-01
0.298789	5.4893700E-02	3.167E-14	2.8719900E-80	3.6072100E-46	3.167E-18	2.1978400E-03	3.167E-16	3.166633E-18	9.4290900E-01
0.300019	5.4957300E-02	3.152E-14	9.9510200E-81	1.9857200E-46	3.152E-18	2.0014600E-03	3.152E-16	3.151703E-18	9.4304100E-01
0.301249	5.5015200E-02	3.138E-14	3.6999300E-81	1.1385200E-46	3.138E-18	1.8225100E-03	3.138E-16	3.138105E-18	9.4316200E-01
0.302478	5.5068100E-02	3.126E-14	1.4687400E-81	6.7788800E-47	3.126E-18	1.6594500E-03	3.126E-16	3.125721E-18	9.4327200E-01
0.303708	5.5116200E-02	3.114E-14	6.1949900E-82	4.1799600E-47	3.114E-18	1.5109000E-03	3.114E-16	3.114443E-18	9.4337300E-01
0.304937	5.5160000E-02	3.104E-14	2.7636300E-82	2.6621200E-47	3.104E-18	1.3755800E-03	3.104E-16	3.104174E-18	9.4346400E-01
0.306167	5.5199900E-02	3.095E-14	1.2984300E-82	1.7468800E-47	3.095E-18	1.2523200E-03	3.095E-16	3.094823E-18	9.4354800E-01
0.307397	5.5236300E-02	3.086E-14	6.3987200E-83	1.1783100E-47	3.086E-18	1.1400500E-03	3.086E-16	3.086310E-18	9.4362400E-01
0.308626	5.5269400E-02	3.079E-14	3.2951500E-83	8.1523100E-48	3.079E-18	1.0378100E-03	3.079E-16	3.078559E-18	9.4369300E-01
0.309856	5.5299600E-02	3.072E-14	1.7670200E-83	5.7735600E-48	3.072E-18	9.4471000E-04	3.072E-16	3.071502E-18	9.4375600E-01
0.311085	5.5327100E-02	3.065E-14	9.8348600E-84	4.1776500E-48	3.065E-18	8.5993000E-04	3.065E-16	3.065078E-18	9.4381300E-01
0.312315	5.5352100E-02	3.059E-14	5.6642300E-84	3.0830700E-48	3.059E-18	7.8273600E-04	3.059E-16	3.059230E-18	9.4386500E-01
0.313544	5.5374800E-02	3.054E-14	3.3661800E-84	2.3168400E-48	3.054E-18	7.1245200E-04	3.054E-16	3.053906E-18	9.4391300E-01
0.314774	5.5395600E-02	3.049E-14	2.0588500E-84	1.7701700E-48	3.049E-18	6.4846400E-04	3.049E-16	3.049060E-18	9.4395600E-01
0.316004	5.5374800E-02	3.054E-14	3.3662200E-84	2.3168500E-48	3.054E-18	7.1245400E-04	3.054E-16	3.053906E-18	9.4391300E-01
0.317233	5.5352100E-02	3.059E-14	5.6642300E-84	3.0830700E-48	3.059E-18	7.8273600E-04	3.059E-16	3.059230E-18	9.4386500E-01
0.318463	5.5327100E-02	3.065E-14	9.8350100E-84	4.1776800E-48	3.065E-18	8.5993200E-04	3.065E-16	3.065078E-18	9.4381300E-01
0.319692	5.5299600E-02	3.072E-14	1.7670200E-83	5.7735600E-48	3.072E-18	9.4471000E-04	3.072E-16	3.071502E-18	9.4375600E-01
0.320922	5.5269400E-02	3.079E-14	3.2952100E-83	8.1523700E-48	3.079E-18	1.0378200E-03	3.079E-16	3.078559E-18	9.4369300E-01
0.322152	5.5236300E-02	3.086E-14	6.3987200E-83	1.1783100E-47	3.086E-18	1.1400500E-03	3.086E-16	3.086310E-18	9.4362400E-01
0.323381	5.5199900E-02	3.095E-14	1.2984300E-82	1.7468800E-47	3.095E-18	1.2523200E-03	3.095E-16	3.094823E-18	9.4354800E-01
0.324611	5.5160000E-02	3.104E-14	2.7636600E-82	2.6621400E-47	3.104E-18	1.3755800E-03	3.104E-16	3.104174E-18	9.4346400E-01
0.325840	5.5116200E-02	3.114E-14	6.1949900E-82	4.1799600E-47	3.114E-18	1.5109000E-03	3.114E-16	3.114443E-18	9.4337300E-01
0.327070	5.5068100E-02	3.126E-14	1.4687600E-81	6.7789300E-47	3.126E-18	1.6594500E-03	3.126E-16	3.125721E-18	9.4327200E-01
0.328300	5.5015200E-02	3.138E-14	3.6999300E-81	1.1385200E-46	3.138E-18	1.8225100E-03	3.138E-16	3.138105E-18	9.4316200E-01
0.329529	5.4957300E-02	3.152E-14	9.9513700E-81	1.9857500E-46	3.152E-18	2.0014700E-03	3.152E-16	3.151704E-18	9.4304100E-01
0.330759	5.4893700E-02	3.167E-14	2.8719900E-80	3.6072100E-46	3.167E-18	2.1978400E-03	3.167E-16	3.166633E-18	9.4290900E-01
0.331988	5.4823900E-02	3.183E-14	8.9429800E-80	6.8461100E-46	3.183E-18	2.4133100E-03	3.183E-16	3.183024E-18	9.4276300E-01
0.333218	5.4747300E-02	3.201E-14	3.0208700E-79	1.3617900E-45	3.201E-18	2.6496700E-03	3.201E-16	3.201017E-18	9.4260300E-01
0.334447	5.4663300E-02	3.221E-14	1.1136200E-78	2.8487800E-45	3.221E-18	2.9089500E-03	3.221E-16	3.220767E-18	9.4242800E-01
0.335677	5.4571200E-02	3.242E-14	4.5060700E-78	6.2885100E-45	3.242E-18	3.1932600E-03	3.242E-16	3.242442E-18	9.4223600E-01
0.336907	5.4470200E-02	3.266E-14	2.0139900E-77	1.4700800E-44	3.266E-18	3.5050000E-03	3.266E-16	3.266228E-18	9.4202500E-01
0.338136	5.4359500E-02	3.292E-14	1.0004500E-76	3.6524800E-44	3.292E-18	3.8467100E-03	3.292E-16	3.292327E-18	9.4179400E-01
0.339366	5.4238200E-02	3.321E-14	5.5581200E-76	9.6794800E-44	3.321E-18	4.2212000E-03	3.321E-16	3.320959E-18	9.4154100E-01
0.340595	5.4105300E-02	3.352E-14	3.4750300E-75	2.7459300E-43	3.352E-18	4.6314900E-03	3.352E-16	3.352365E-18	9.4126300E-01
0.341825	5.3959700E-02	3.387E-14	2.4600100E-74	8.3680200E-43	3.387E-18	5.0808800E-03	3.387E-16	3.386809E-18	9.4095900E-01
0.343055	5.3800400E-02	3.425E-14	1.9834000E-73	2.7486400E-42	3.425E-18	5.5729300E-03	3.425E-16	3.424576E-18	9.4062700E-01
0.344284	5.3625900E-02	3.466E-14	1.8314000E-72	9.7623700E-42	3.466E-18	6.1114900E-03	3.466E-16	3.465980E-18	9.4026300E-01
0.345514	5.3435000E-02	3.511E-14	1.9469300E-71	3.7603100E-41	3.511E-18	6.7007600E-03	3.511E-16	3.511361E-18	9.3986400E-01
0.346743	5.3226300E-02	3.561E-14	2.3921000E-70	1.5745600E-40	3.561E-18	7.3451900E-03	3.561E-16	3.561087E-18	9.3942900E-01
0.347973	5.2998100E-02	3.616E-14	3.4126600E-69	7.1844500E-40	3.616E-18	8.0496600E-03	3.616E-16	3.615563E-18	9.3895200E-01
0.349202	5.2748700E-02	3.675E-14	5.6630200E-68	3.5768700E-39	3.675E-18	8.8193400E-03	3.675E-16	3.675223E-18	9.3843200E-01
0.350432	5.2476500E-02	3.741E-14	1.0964300E-66	1.9456300E-38	3.741E-18	9.6598500E-03	3.741E-16	3.740545E-18	9.3786400E-01
0.351662	5.2179300E-02	3.812E-14	2.4744400E-65	1.1562100E-37	3.812E-18	1.0577100E-02	3.812E-16	3.812035E-18	9.3724400E-01
0.352891	5.1855300E-02	3.890E-14	6.5123000E-64	7.5049100E-37	3.890E-18	1.1577400E-02	3.890E-16	3.890254E-18	9.3656700E-01
0.354121	5.1502100E-02	3.976E-14	1.9933700E-62	5.3131500E-36	3.976E-18	1.2667600E-02	3.976E-16	3.975798E-18	9.3583000E-01
0.355350	5.1117600E-02	4.069E-14	7.0689000E-61	4.0932000E-35	4.069E-18	1.3854800E-02	4.069E-16	4.069315E-18	9.3502800E-01
0.356580	5.0699100E-02	4.171E-14	2.8880000E-59	3.4201900E-34	4.171E-18	1.5146500E-02	4.171E-16	4.171497E-18	9.3415400E-01
0.357810	5.0244300E-02	4.283E-14	1.3493500E-57	3.0863200E-33	4.283E-18	1.6550600E-02	4.283E-16	4.283089E-18	9.3320500E-01
0.359039	4.9750400E-02	4.405E-14	7.1521200E-56	2.9921300E-32	4.405E-18	1.8075400E-02	4.405E-16	4.404890E-18	9.3217400E-01
0.360269	4.9214600E-02	4.538E-14	4.2395400E-54	3.0949700E-31	4.538E-18	1.9729300E-02	4.538E-16	4.537740E-18	9.3105600E-01
0.361498	4.8634200E-02	4.683E-14	2.7879100E-52	3.3928200E-30	4.683E-18	2.1521200E-02	4.683E-16	4.682549E-18	9.2984500E-01
0.362728	4.8006100E-02	4.840E-14	1.9945600E-50	3.9058400E-29	4.840E-18	2.3460200E-02	4.840E-16	4.840252E-18	9.2853400E-01
0.363958	4.7327400E-02	5.012E-14	1.5365200E-48	4.6821700E-28	5.012E-18	2.5555300E-02	5.012E-16	5.011857E-18	9.2711700E-01
0.365187	4.6595200E-02	5.198E-14	1.2454000E-46	5.7813900E-27	5.198E-18	2.7815600E-02	5.198E-16	5.198381E-18	9.2558900E-01
0.366417	4.5806500E-02	5.401E-14	1.0475900E-44	7.2796700E-26	5.401E-18	3.0250400E-02	5.401E-16	5.400896E-18	9.2394300E-01
0.367646	4.4958400E-02	5.620E-14	8.9580400E-43	9.2414500E-25	5.620E-18	3.2868400E-02	5.620E-16	5.620476E-18	9.2217300E-01
0.368876	4.4048300E-02	5.858E-14	7.6352400E-41	1.1693100E-23	5.858E-18	3.5678100E-02	5.858E-16	5.858199E-18	9.2027400E-01
0.370105	4.3073400E-02	6.115E-14	6.3590000E-39	1.4576100E-22	6.115E-18	3.8687600E-02	6.115E-16	6.115123E-18	9.1823900E-01
0.371335	4.2031500E-02	6.392E-14	5.0740200E-37	1.7695900E-21	6.392E-18	4.1903900E-02	6.392E-16	6.392261E-18	9.1606500E-01
0.372565	4.0920600E-02	6.691E-14	3.8103100E-35	2.0694200E-20	6.691E-18	4.5333400E-02	6.691E-16	6.690560E-18	9.1374600E-01
0.373794	3.9739000E-02	7.011E-14	2.6341500E-33	2.3051600E-19	7.011E-18	4.8981100E-02	7.011E-16	7.010845E-18	9.1128000E-01
0.375024	3.8485400E-02	7.354E-14	1.6567800E-31	2.4237500E-18	7.354E-18	5.2851000E-02	7.354E-16	7.353863E-18	9.0866400E-01
0.376253	3.7159300E-02	7.720E-14	9.2992100E-30	2.3829100E-17	7.720E-18	5.6944800E-02	7.720E-16	7.720166E-18	9.0589600E-01
0.377483	3.5760400E-02	8.110E-14	4.6177200E-28	2.1757200E-16	8.110E-18	6.1263100E-02	8.110E-16	8.110221E-18	9.0297600E-01
0.378713	3.4289600E-02	8.524E-14	2.0016700E-26	1.8329400E-15	8.524E-18	6.5803800E-02	8.524E-16	8.524304E-18	8.9990700E-01
0.379942	3.2747900E-02	8.963E-14	7.5399200E-25	1.4193500E-14	8.963E-18	7.0562900E-02	8.963E-16	8.962655E-18	8.9668900E-01
0.381172	3.1137600E-02	9.425E-14	2.4567600E-23	1.0076800E-13	9.425E-18	7.5533900E-02	9.425E-16	9.425459E-18	8.9332800E-01
0.382401	2.9461700E-02	9.913E-14	6.9209800E-22	6.5556900E-13	9.913E-18	8.0707700E-02	9.913E-16	9.912980E-18	8.8983100E-01
0.383631	2.7723900E-02	1.043E-13	1.6864700E-20	3.9081400E-12	1.043E-17	8.6072400E-02	1.043E-15	1.042526E-17	8.8620400E-01
0.384860	2.5928800E-02	1.096E-13	3.5486200E-19	2.1321000E-11	1.096E-17	9.1613900E-02	1.096E-15	1.096146E-17	8.8245700E-01
0.386090	2.4082000E-02	1.152E-13	6.4622100E-18	1.0653800E-10	1.152E-17	9.7315000E-02	1.152E-15	1.152080E-17	8.7860300E-01
0.387320	2.2189800E-02	1.210E-13	1.0224300E-16	4.8841500E-10	1.210E-17	1.0315600E-01	1.210E-15	1.210227E-17	8.7465400E-01
0.388549	2.0259000E-02	1.270E-13	1.4134700E-15	2.0593800E-09	1.270E-17	1.0911700E-01	1.270E-15	1.270461E-17	8.7062400E-01
0.389779	1.8297600E-02	1.333E-13	1.7184300E-14	8.0098500E-09	1.333E-17	1.1517200E-01	1.333E-15	1.332624E-17	8.6653100E-01
0.391008	1.6313400E-02	1.397E-13	1.8550400E-13	2.8852100E-08	1.397E-17	1.2129700E-01	1.397E-15	1.396541E-17	8.6239000E-01
0.392238	1.4315100E-02	1.462E-13	1.7965100E-12	9.6663600E-08	1.462E-17	1.2746500E-01	1.462E-15	1.462002E-17	8.5821900E-01
0.393468	1.2311500E-02	1.529E-13	1.5835500E-11	3.0287100E-07	1.529E-17	1.3365000E-01	1.529E-15	1.528781E-17	8.5403800E-01
0.394697	1.0311300E-02	1.597E-13	1.2940500E-10	8.9330100E-07	1.597E-17	1.3982300E-01	1.597E-15	1.596623E-17	8.4986400E-01
0.395927	8.3233800E-03	1.665E-13	1.0068500E-09	2.5016700E-06	1.665E-17	1.4595600E-01	1.665E-15	1.665253E-17	8.4571600E-01
0.397156	6.3564100E-03	1.734E-13	7.7869300E-09	6.7372800E-06	1.734E-17	1.5202200E-01	1.734E-15	1.734374E-17	8.4161300E-01
0.398386	4.4189200E-03	1.804E-13	6.5031800E-08	1.7847600E-05	1.804E-17	1.5798900E-01	1.804E-15	1.803667E-17	8.3757000E-01
0.399616	2.5199100E-03	1.873E-13	7.2572500E-07	4.9129400E-05	1.873E-17	1.6382100E-01	1.873E-15	1.872751E-17	8.3360500E-01
0.400845	6.7704600E-04	1.940E-13	3.2791900E-05	1.8434100E-04	1.940E-17	1.6936900E-01	1.940E-15	1.940339E-17	8.2973200E-01
0.402075	3.1458000E-05	1.913E-13	8.9770400E-03	6.4044600E-04	1.913E-17	1.6436800E-01	1.913E-15	1.913024E-17	8.2596500E-01
0.403304	9.8150000E-06	1.839E-13	2.2739000E-02	5.2064400E-04	1.839E-17	1.5440000E-01	1.839E-15	1.839175E-17	8.2231500E-01
0.404534	3.6394700E-06	1.765E-13	3.6162300E-02	3.6252300E-04	1.765E-17	1.4466900E-01	1.765E-15	1.764809E-17	8.1879300E-01
0.405763	1.3768200E-06	1.691E-13	4.9086700E-02	2.3356300E-04	1.691E-17	1.3526700E-01	1.691E-15	1.690743E-17	8.1540600E-01
0.406993	5.1017100E-07	1.617E-13	6.1461600E-02	1.4177500E-04	1.617E-17	1.2623200E-01	1.617E-15	1.617437E-17	8.1216200E-01
0.408223	1.8185200E-07	1.545E-13	7.3266400E-02	8.1600100E-05	1.545E-17	1.1758600E-01	1.545E-15	1.545269E-17	8.0906400E-01
0.409452	6.1731900E-08	1.475E-13	8.4490700E-02	4.4646500E-05	1.475E-17	1.0934700E-01	1.475E-15	1.474583E-17	8.0611700E-01
0.410682	1.9825100E-08	1.406E-13	9.5131700E-02	2.3243000E-05	1.406E-17	1.0152300E-01	1.406E-15	1.405675E-17	8.0332100E-01
0.411911	5.9946300E-09	1.339E-13	1.0519200E-01	1.1515200E-05	1.339E-17	9.4119600E-02	1.339E-15	1.338792E-17	8.0067700E-01
0.413141	1.7005100E-09	1.274E-13	1.1467700E-01	5.4280800E-06	1.274E-17	8.7134200E-02	1.274E-15	1.274140E-17	7.9818300E-01
0.414371	4.5128800E-10	1.212E-13	1.2359700E-01	2.4337300E-06	1.212E-17	8.0562300E-02	1.212E-15	1.211882E-17	7.9583800E-01
0.415600	1.1180900E-10	1.152E-13	1.3196600E-01	1.0375900E-06	1.152E-17	7.4395400E-02	1.152E-15	1.152144E-17	7.9363700E-01
0.416830	2.5823200E-11	1.095E-13	1.3980000E-01	4.2057200E-07	1.095E-17	6.8622300E-02	1.095E-15	1.095013E-17	7.9157700E-01
0.418059	5.5559600E-12	1.041E-13	1.4711700E-01	1.6209900E-07	1.041E-17	6.3230300E-02	1.041E-15	1.040556E-17	7.8965300E-01
0.419289	1.1133900E-12	9.888E-14	1.5393600E-01	5.9428400E-08	9.888E-18	5.8204200E-02	9.888E-16	9.887965E-18	7.8785900E-01
0.420518	2.0780800E-13	9.397E-14	1.6028100E-01	2.0731400E-08	9.397E-18	5.3528200E-02	9.397E-16	9.397222E-18	7.8619100E-01
0.421748	3.6122900E-14	8.933E-14	1.6617300E-01	6.8831200E-09	8.933E-18	4.9185600E-02	8.933E-16	8.932815E-18	7.8464100E-01
0.422978	5.8553600E-15	8.494E-14	1.7163500E-01	2.1774000E-09	8.494E-18	4.5159700E-02	8.494E-16	8.494335E-18	7.8320500E-01
0.424207	8.8710900E-16	8.081E-14	1.7669200E-01	6.5740100E-10	8.081E-18	4.1432700E-02	8.081E-16	8.081264E-18	7.8187500E-01
0.425437	1.2607700E-16	7.693E-14	1.8136700E-01	1.8992700E-10	7.693E-18	3.7987500E-02	7.693E-16	7.693088E-18	7.8064600E-01
0.426666	1.6888900E-17	7.329E-14	1.8568200E-01	5.2679600E-11	7.329E-18	3.4806800E-02	7.329E-16	7.329194E-18	7.7951100E-01
0.427896	2.1449800E-18	6.989E-14	1.8966200E-01	1.4084300E-11	6.989E-18	3.1873900E-02	6.989E-16	6.988875E-18	7.7846400E-01
0.429126	2.6006000E-19	6.671E-14	1.9332700E-01	3.6464800E-12	6.671E-18	2.9172600E-02	6.671E-16	6.671332E-18	7.7750000E-01
0.430355	3.0332000E-20	6.376E-14	1.9670000E-01	9.1899700E-13	6.376E-18	2.6687100E-02	6.376E-16	6.375680E-18	7.7661300E-01
0.431585	3.4321400E-21	6.101E-14	1.9980000E-01	2.2672800E-13	6.101E-18	2.4402300E-02	6.101E-16	6.100971E-18	7.7579800E-01
0.432814	3.8014800E-22	5.846E-14	2.0264700E-01	5.5085900E-14	5.846E-18	2.2303700E-02	5.846E-16	5.846192E-18	7.7504900E-01
0.434044	4.1607900E-23	5.610E-14	2.0526000E-01	1.3263900E-14	5.610E-18	2.0378000E-02	5.610E-16	5.610333E-18	7.7436200E-01
0.435274	4.5430600E-24	5.392E-14	2.0765600E-01	3.1851200E-15	5.392E-18	1.8611900E-02	5.392E-16	5.392314E-18	7.7373200E-01
0.436503	4.9963500E-25	5.191E-14	2.0985200E-01	7.6770000E-16	5.191E-18	1.6993500E-02	5.191E-16	5.191086E-18	7.7315400E-01
0.437733	5.5869600E-26	5.006E-14	2.1186300E-01	1.8688900E-16	5.006E-18	1.5511200E-02	5.006E-16	5.005595E-18	7.7262600E-01
0.438962	6.4109700E-27	4.835E-14	2.1370400E-01	4.6234900E-17	4.835E-18	1.4154400E-02	4.835E-16	4.834835E-18	7.7214100E-01
0.440192	7.6139600E-28	4.678E-14	2.1538800E-01	1.1689900E-17	4.678E-18	1.2913100E-02	4.678E-16	4.677790E-18	7.7169900E-01
0.441421	9.4350400E-29	4.534E-14	2.1692800E-01	3.0369900E-18	4.534E-18	1.1778000E-02	4.534E-16	4.533507E-18	7.7129300E-01
0.442651	1.2288600E-29	4.401E-14	2.1833600E-01	8.1466100E-19	4.401E-18	1.0740500E-02	4.401E-16	4.401068E-18	7.7092300E-01
0.443881	1.6931900E-30	4.280E-14	2.1962300E-01	2.2661200E-19	4.280E-18	9.7924800E-03	4.280E-16	4.279594E-18	7.7058500E-01
0.445110	2.4822300E-31	4.168E-14	2.2079700E-01	6.5618900E-20	4.168E-18	8.9266700E-03	4.168E-16	4.168271E-18	7.7027600E-01
0.446340	3.8898100E-32	4.066E-14	2.2187000E-01	1.9840300E-20	4.066E-18	8.1361000E-03	4.066E-16	4.066308E-18	7.6999400E-01
0.447569	6.5409100E-33	3.973E-14	2.2284900E-01	6.2800700E-21	3.973E-18	7.4144900E-03	3.973E-16	3.972977E-18	7.6973600E-01
0.448799	1.1836500E-33	3.888E-14	2.2374300E-01	2.0850200E-21	3.888E-18	6.7559600E-03	3.888E-16	3.887591E-18	7.6950100E-01
0.450029	2.3099700E-34	3.810E-14	2.2455800E-01	7.2713800E-22	3.810E-18	6.1552300E-03	3.810E-16	3.809520E-18	7.6928700E-01
0.451258	4.8671100E-35	3.738E-14	2.2530100E-01	2.6656900E-22	3.738E-18	5.6072900E-03	3.738E-16	3.738161E-18	7.6909200E-01
0.452488	1.1077100E-35	3.673E-14	2.2597900E-01	1.0276300E-22	3.673E-18	5.1076200E-03	3.673E-16	3.672967E-18	7.6891300E-01
0.453717	2.7224200E-36	3.613E-14	2.2659700E-01	4.1652700E-23	3.613E-18	4.6520500E-03	3.613E-16	3.613426E-18	7.6875100E-01
0.454947	7.2191100E-37	3.559E-14	2.2716100E-01	1.7741300E-23	3.559E-18	4.2367700E-03	3.559E-16	3.559066E-18	7.6860300E-01
0.456176	2.0625100E-37	3.509E-14	2.2767400E-01	7.9336300E-24	3.509E-18	3.8582700E-03	3.509E-16	3.509452E-18	7.6846800E-01
0.457406	6.3369300E-38	3.464E-14	2.2814200E-01	3.7203200E-24	3.464E-18	3.5133400E-03	3.464E-16	3.464182E-18	7.6834400E-01
0.458636	2.0890900E-38	3.423E-14	2.2856900E-01	1.8267400E-24	3.423E-18	3.1990400E-03	3.423E-16	3.422885E-18	7.6823200E-01
0.459865	7.3707500E-39	3.385E-14	2.2895700E-01	9.3763300E-25	3.385E-18	2.9126900E-03	3.385E-16	3.385220E-18	7.6813000E-01
0.461095	2.7756300E-39	3.351E-14	2.2931100E-01	5.0221100E-25	3.351E-18	2.6518500E-03	3.351E-16	3.350878E-18	7.6803700E-01
0.462324	1.1122300E-39	3.320E-14	2.2963400E-01	2.8014100E-25	3.320E-18	2.4142500E-03	3.320E-16	3.319569E-18	7.6795200E-01
0.463554	4.7280900E-40	3.291E-14	2.2992700E-01	1.6242100E-25	3.291E-18	2.1978400E-03	3.291E-16	3.291030E-18	7.6787500E-01
0.464784	2.1255300E-40	3.265E-14	2.3019500E-01	9.7676600E-26	3.265E-18	2.0007400E-03	3.265E-16	3.265020E-18	7.6780500E-01
0.466013	1.0073900E-40	3.241E-14	2.3043800E-01	6.0806300E-26	3.241E-18	1.8212700E-03	3.241E-16	3.241320E-18	7.6774100E-01
0.467243	5.0175700E-41	3.220E-14	2.3066000E-01	3.9102900E-26	3.220E-18	1.6578300E-03	3.220E-16	3.219725E-18	7.6768200E-01
0.468472	2.6183300E-41	3.200E-14	2.3086200E-01	2.5924100E-26	3.200E-18	1.5090200E-03	3.200E-16	3.200052E-18	7.6762900E-01
0.469702	1.4272000E-41	3.182E-14	2.3104600E-01	1.7684100E-26	3.182E-18	1.3735300E-03	3.182E-16	3.182132E-18	7.6758100E-01
0.470932	8.1023900E-42	3.166E-14	2.3121300E-01	1.2388500E-26	3.166E-18	1.2501700E-03	3.166E-16	3.165809E-18	7.6753700E-01
0.472161	4.7774000E-42	3.151E-14	2.3136500E-01	8.8964100E-27	3.151E-18	1.1378700E-03	3.151E-16	3.150943E-18	7.6749700E-01
0.473391	2.9178200E-42	3.137E-14	2.3150400E-01	6.5375300E-27	3.137E-18	1.0356300E-03	3.137E-16	3.137404E-18	7.6746000E-01
0.474620	1.8412100E-42	3.125E-14	2.3163000E-01	4.9078400E-27	3.125E-18	9.4256500E-04	3.125E-16	3.125076E-18	7.6742700E-01
0.475850	1.1975000E-42	3.114E-14	2.3174500E-01	3.7579800E-27	3.114E-18	8.5784300E-04	3.114E-16	3.113850E-18	7.6739700E-01
0.477079	8.0093900E-43	3.104E-14	2.3185000E-01	2.9306900E-27	3.104E-18	7.8073000E-04	3.104E-16	3.103629E-18	7.6736900E-01
0.478309	5.4970100E-43	3.094E-14	2.3194500E-01	2.3244200E-27	3.094E-18	7.1053600E-04	3.094E-16	3.094323E-18	7.6734400E-01
0.479539	3.8635800E-43	3.086E-14	2.3203200E-01	1.8725100E-27	3.086E-18	6.4664500E-04	3.086E-16	3.085851E-18	7.6732200E-01
0.480768	2.7756700E-43	3.078E-14	2.3211100E-01	1.5302400E-27	3.078E-18	5.8849000E-04	3.078E-16	3.078138E-18	7.6730100E-01
0.481998	2.0347500E-43	3.071E-14	2.3218300E-01	1.2671600E-27	3.071E-18	5.3556400E-04	3.071E-16	3.071116E-18	7.6728200E-01
0.483227	1.5195000E-43	3.065E-14	2.3224800E-01	1.0621100E-27	3.065E-18	4.8739100E-04	3.065E-16	3.064725E-18	7.6726500E-01
0.484457	1.1542000E-43	3.059E-14	2.3230700E-01	9.0020800E-28	3.059E-18	4.4354700E-04	3.059E-16	3.058907E-18	7.6724900E-01
0.485687	8.9052600E-44	3.054E-14	2.3236200E-01	7.7082400E-28	3.054E-18	4.0364400E-04	3.054E-16	3.053611E-18	7.6723500E-01
0.486916	6.9698800E-44	3.049E-14	2.3241100E-01	6.6624700E-28	3.049E-18	3.6732700E-04	3.049E-16	3.048790E-18	7.6722200E-01
0.488146	5.5272500E-44	3.044E-14	2.3245600E-01	5.8083000E-28	3.044E-18	3.3427700E-04	3.044E-16	3.044403E-18	7.6721000E-01
0.489375	4.4361600E-44	3.040E-14	2.3249600E-01	5.1035700E-28	3.040E-18	3.0419800E-04	3.040E-16	3.040410E-18	7.6719900E-01
0.490605	3.5998200E-44	3.037E-14	2.3253400E-01	4.5167400E-28	3.037E-18	2.7682500E-04	3.037E-16	3.036775E-18	7.6719000E-01
0.491834	2.9506500E-44	3.033E-14	2.3256700E-01	4.0237600E-28	3.033E-18	2.5191200E-04	3.033E-16	3.033467E-18	7.6718100E-01
0.493064	2.4409300E-44	3.030E-14	2.3259800E-01	3.6062600E-28	3.030E-18	2.2924200E-04	3.030E-16	3.030456E-18	7.6717300E-01
0.494294	2.0362900E-44	3.028E-14	2.3262600E-01	3.2498900E-28	3.028E-18	2.0861000E-04	3.028E-16	3.027716E-18	7.6716500E-01
0.495523	1.7118100E-44	3.025E-14	2.3265200E-01	2.9434800E-28	3.025E-18	1.8983500E-04	3.025E-16	3.025222E-18	7.6715900E-01
0.496753	1.4491600E-44	3.023E-14	2.3267500E-01	2.6782200E-28	3.023E-18	1.7274800E-04	3.023E-16	3.022953E-18	7.6715200E-01
0.497982	1.2347000E-44	3.021E-14	2.3269600E-01	2.4471000E-28	3.021E-18	1.5720000E-04	3.021E-16	3.020888E-18	7.6714700E-01
0.499212	1.0581300E-44	3.019E-14	2.3271500E-01	2.2444900E-28	3.019E-18	1.4305000E-04	3.019E-16	3.019008E-18	7.6714200E-01
0.500442	9.1165900E-45	3.017E-14	2.3273300E-01	2.0658400E-28	3.017E-18	1.3017400E-04	3.017E-16	3.017297E-18	7.6713700E-01
0.501671	7.8929100E-45	3.016E-14	2.3274800E-01	1.9074800E-28	3.016E-18	1.1845600E-04	3.016E-16	3.015741E-18	7.6713300E-01
0.502901	6.8638100E-45	3.014E-14	2.3276300E-01	1.7663700E-28	3.014E-18	1.0779300E-04	3.014E-16	3.014324E-18	7.6712900E-01
0.504130	5.9931300E-45	3.013E-14	2.3277600E-01	1.6400400E-28	3.013E-18	9.8089800E-05	3.013E-16	3.013035E-18	7.6712600E-01
0.505360	5.2521900E-45	3.012E-14	2.3278800E-01	1.5264200E-28	3.012E-18	8.9259700E-05	3.012E-16	3.011861E-18	7.6712300E-01
0.506590	4.6183500E-45	3.011E-14	2.3279900E-01	1.4237900E-28	3.011E-18	8.1224400E-05	3.011E-16	3.010794E-18	7.6712000E-01
0.507819	4.0734300E-45	3.010E-14	2.3280900E-01	1.3307300E-28	3.010E-18	7.3912000E-05	3.010E-16	3.009822E-18	7.6711700E-01
0.509049	3.6028700E-45	3.009E-14	2.3281800E-01	1.2460300E-28	3.009E-18	6.7258400E-05	3.009E-16	3.008938E-18	7.6711500E-01
0.510278	3.1947800E-45	3.008E-14	2.3282600E-01	1.1686600E-28	3.008E-18	6.1203400E-05	3.008E-16	3.008134E-18	7.6711300E-01
0.511508	2.8394700E-45	3.007E-14	2.3283400E-01	1.0977600E-28	3.007E-18	5.5693500E-05	3.007E-16	3.007401E-18	7.6711100E-01
0.512737	2.5290100E-45	3.007E-14	2.3284000E-01	1.0325800E-28	3.007E-18	5.0679500E-05	3.007E-16	3.006735E-18	7.6710900E-01
0.513967	2.2568200E-45	3.006E-14	2.3284700E-01	9.7249900E-29	3.006E-18	4.6116900E-05	3.006E-16	3.006129E-18	7.6710700E-01
0.515197	2.0174600E-45	3.006E-14	2.3285200E-01	9.1696000E-29	3.006E-18	4.1965100E-05	3.006E-16	3.005577E-18	7.6710600E-01
0.516426	1.8063600E-45	3.005E-14	2.3285700E-01	8.6549600E-29	3.005E-18	3.8187000E-05	3.005E-16	3.005075E-18	7.6710400E-01
0.517656	1.6197000E-45	3.005E-14	2.3286200E-01	8.1769600E-29	3.005E-18	3.4749000E-05	3.005E-16	3.004618E-18	7.6710300E-01
0.518885	1.4542400E-45	3.004E-14	2.3286600E-01	7.7320300E-29	3.004E-18	3.1620400E-05	3.004E-16	3.004202E-18	7.6710200E-01
0.520115	1.3072700E-45	3.004E-14	2.3287000E-01	7.3171000E-29	3.004E-18	2.8773700E-05	3.004E-16	3.003824E-18	7.6710100E-01
0.521345	1.1764300E-45	3.003E-14	2.3287400E-01	6.9293900E-29	3.003E-18	2.6183100E-05	3.003E-16	3.003480E-18	7.6710000E-01
0.522574	1.0597500E-45	3.003E-14	2.3287700E-01	6.5665100E-29	3.003E-18	2.3825800E-05	3.003E-16	3.003166E-18	7.6709900E-01
0.523804	9.5549700E-46	3.003E-14	2.3288000E-01	6.2263100E-29	3.003E-18	2.1680600E-05	3.003E-16	3.002881E-18	7.6709900E-01
0.525033	8.6222300E-46	3.003E-14	2.3288200E-01	5.9069600E-29	3.003E-18	1.9728700E-05	3.003E-16	3.002622E-18	7.6709800E-01
0.526263	7.7863600E-46	3.002E-14	2.3288500E-01	5.6067400E-29	3.002E-18	1.7952500E-05	3.002E-16	3.002386E-18	7.6709700E-01
0.527492	7.0363400E-46	3.002E-14	2.3288700E-01	5.3241700E-29	3.002E-18	1.6336100E-05	3.002E-16	3.002171E-18	7.6709700E-01
0.528722	6.3625400E-46	3.002E-14	2.3288900E-01	5.0578900E-29	3.002E-18	1.4865300E-05	3.002E-16	3.001976E-18	7.6709600E-01
0.529952	5.7565000E-46	3.002E-14	2.3289100E-01	4.8067100E-29	3.002E-18	1.3526900E-05	3.002E-16	3.001798E-18	7.6709600E-01
0.531181	5.2109100E-46	3.002E-14	2.3289300E-01	4.5695700E-29	3.002E-18	1.2309100E-05	3.002E-16	3.001636E-18	7.6709500E-01
0.532411	4.7192400E-46	3.001E-14	2.3289400E-01	4.3454500E-29	3.001E-18	1.1200800E-05	3.001E-16	3.001489E-18	7.6709500E-01
0.533640	4.2757900E-46	3.001E-14	2.3289500E-01	4.1334900E-29	3.001E-18	1.0192300E-05	3.001E-16	3.001355E-18	7.6709400E-01
0.534870	3.8755000E-46	3.001E-14	2.3289700E-01	3.9328600E-29	3.001E-18	9.2746500E-06	3.001E-16	3.001233E-18	7.6709400E-01
0.536100	3.5139500E-46	3.001E-14	2.3289800E-01	3.7428400E-29	3.001E-18	8.4396300E-06	3.001E-16	3.001122E-18	7.6709400E-01
0.537329	3.1871500E-46	3.001E-14	2.3289900E-01	3.5627600E-29	3.001E-18	7.6797700E-06	3.001E-16	3.001021E-18	7.6709400E-01
0.538559	2.8915900E-46	3.001E-14	2.3290000E-01	3.3919900E-29	3.001E-18	6.9883200E-06	3.001E-16	3.000929E-18	7.6709300E-01
0.539788	2.6241400E-46	3.001E-14	2.3290100E-01	3.2299600E-29	3.001E-18	6.3591000E-06	3.001E-16	3.000845E-18	7.6709300E-01
0.541018	2.3820100E-46	3.001E-14	2.3290100E-01	3.0761800E-29	3.001E-18	5.7865700E-06	3.001E-16	3.000769E-18	7.6709300E-01
0.542247	2.1627000E-46	3.001E-14	2.3290200E-01	2.9301300E-29	3.001E-18	5.2655700E-06	3.001E-16	3.000700E-18	7.6709300E-01
0.543477	1.9639700E-46	3.001E-14	2.3290300E-01	2.7913900E-29	3.001E-18	4.7914800E-06	3.001E-16	3.000637E-18	7.6709200E-01
0.544707	1.7838400E-46	3.001E-14	2.3290300E-01	2.6595400E-29	3.001E-18	4.3600800E-06	3.001E-16	3.000579E-18	7.6709200E-01
0.545936	1.6204900E-46	3.001E-14	2.3290400E-01	2.5341800E-29	3.001E-18	3.9675000E-06	3.001E-16	3.000527E-18	7.6709200E-01
0.547166	1.4723300E-46	3.000E-14	2.3290400E-01	2.4149800E-29	3.000E-18	3.6103000E-06	3.000E-16	3.000480E-18	7.6709200E-01
0.548395	1.3378900E-46	3.000E-14	2.3290500E-01	2.3016000E-29	3.000E-18	3.2852400E-06	3.000E-16	3.000437E-18	7.6709200E-01
0.549625	1.2158900E-46	3.000E-14	2.3290500E-01	2.1937100E-29	3.000E-18	2.9894500E-06	3.000E-16	3.000397E-18	7.6709200E-01
0.550855	1.1051300E-46	3.000E-14	2.3290600E-01	2.0910400E-29	3.000E-18	2.7202800E-06	3.000E-16	3.000362E-18	7.6709200E-01
0.552084	1.0045800E-46	3.000E-14	2.3290600E-01	1.9933200E-29	3.000E-18	2.4753700E-06	3.000E-16	3.000329E-18	7.6709200E-01
0.553314	9.1325200E-47	3.000E-14	2.3290600E-01	1.9002700E-29	3.000E-18	2.2524900E-06	3.000E-16	3.000299E-18	7.6709200E-01
0.554543	8.3030200E-47	3.000E-14	2.3290600E-01	1.8116800E-29	3.000E-18	2.0496900E-06	3.000E-16	3.000272E-18	7.6709200E-01
0.555773	7.5494600E-47	3.000E-14	2.3290700E-01	1.7273000E-29	3.000E-18	1.8651400E-06	3.000E-16	3.000248E-18	7.6709100E-01
0.557003	6.8647800E-47	3.000E-14	2.3290700E-01	1.6469300E-29	3.000E-18	1.6972100E-06	3.000E-16	3.000226E-18	7.6709100E-01
0.558232	6.2426000E-47	3.000E-14	2.3290700E-01	1.5703600E-29	3.000E-18	1.5444000E-06	3.000E-16	3.000205E-18	7.6709100E-01
0.559462	5.6771400E-47	3.000E-14	2.3290700E-01	1.4974100E-29	3.000E-18	1.4053500E-06	3.000E-16	3.000187E-18	7.6709100E-01
0.560691	5.1631800E-47	3.000E-14	2.3290700E-01	1.4279000E-29	3.000E-18	1.2788200E-06	3.000E-16	3.000170E-18	7.6709100E-01
0.561921	4.6959700E-47	3.000E-14	2.3290800E-01	1.3616600E-29	3.000E-18	1.1636700E-06	3.000E-16	3.000155E-18	7.6709100E-01
0.563150	4.2712500E-47	3.000E-14	2.3290800E-01	1.2985400E-29	3.000E-18	1.0589000E-06	3.000E-16	3.000141E-18	7.6709100E-01
0.564380	3.8850900E-47	3.000E-14	2.3290800E-01	1.2383700E-29	3.000E-18	9.6356200E-07	3.000E-16	3.000128E-18	7.6709100E-01
0.565610	3.5339700E-47	3.000E-14	2.3290800E-01	1.1810200E-29	3.000E-18	8.7680600E-07	3.000E-16	3.000117E-18	7.6709100E-01
0.566839	3.2146800E-47	3.000E-14	2.3290800E-01	1.1263400E-29	3.000E-18	7.9785900E-07	3.000E-16	3.000106E-18	7.6709100E-01
0.568069	2.9243500E-47	3.000E-14	2.3290800E-01	1.0742300E-29	3.000E-18	7.2602500E-07	3.000E-16	3.000096E-18	7.6709100E-01
0.569298	2.6603000E-47	3.000E-14	2.3290800E-01	1.0245400E-29	3.000E-18	6.6065600E-07	3.000E-16	3.000088E-18	7.6709100E-01
0.570528	2.4201600E-47	3.000E-14	2.3290800E-01	9.7716300E-30	3.000E-18	6.0117300E-07	3.000E-16	3.000080E-18	7.6709100E-01
0.571758	2.2017500E-47	3.000E-14	2.3290800E-01	9.3199300E-30	3.000E-18	5.4704600E-07	3.000E-16	3.000073E-18	7.6709100E-01
0.572987	2.0030800E-47	3.000E-14	2.3290900E-01	8.8892200E-30	3.000E-18	4.9779000E-07	3.000E-16	3.000066E-18	7.6709100E-01
0.574217	1.8223800E-47	3.000E-14	2.3290900E-01	8.4785500E-30	3.000E-18	4.5297200E-07	3.000E-16	3.000060E-18	7.6709100E-01
0.575446	1.6580100E-47	3.000E-14	2.3290900E-01	8.0869300E-30	3.000E-18	4.1218800E-07	3.000E-16	3.000055E-18	7.6709100E-01
0.576676	1.5084900E-47	3.000E-14	2.3290900E-01	7.7134800E-30	3.000E-18	3.7507600E-07	3.000E-16	3.000050E-18	7.6709100E-01
0.577905	1.3724600E-47	3.000E-14	2.3290900E-01	7.3573300E-30	3.000E-18	3.4130400E-07	3.000E-16	3.000045E-18	7.6709100E-01
0.579135	1.2487300E-47	3.000E-14	2.3290900E-01	7.0177100E-30	3.000E-18	3.1057500E-07	3.000E-16	3.000041E-18	7.6709100E-01
0.580365	1.1361600E-47	3.000E-14	2.3290900E-01	6.6938100E-30	3.000E-18	2.8261200E-07	3.000E-16	3.000038E-18	7.6709100E-01
0.581594	1.0337500E-47	3.000E-14	2.3290900E-01	6.3849000E-30	3.000E-18	2.5716700E-07	3.000E-16	3.000034E-18	7.6709100E-01
0.582824	9.4058200E-48	3.000E-14	2.3290900E-01	6.0902800E-30	3.000E-18	2.3401200E-07	3.000E-16	3.000031E-18	7.6709100E-01
0.584053	8.5582000E-48	3.000E-14	2.3290900E-01	5.8093000E-30	3.000E-18	2.1294300E-07	3.000E-16	3.000028E-18	7.6709100E-01
0.585283	7.7870100E-48	3.000E-14	2.3290900E-01	5.5413100E-30	3.000E-18	1.9377000E-07	3.000E-16	3.000026E-18	7.6709100E-01
0.586513	7.0853600E-48	3.000E-14	2.3290900E-01	5.2857100E-30	3.000E-18	1.7632400E-07	3.000E-16	3.000023E-18	7.6709100E-01
0.587742	6.4469800E-48	3.000E-14	2.3290900E-01	5.0419200E-30	3.000E-18	1.6044800E-07	3.000E-16	3.000021E-18	7.6709100E-01
0.588972	5.8661300E-48	3.000E-14	2.3290900E-01	4.8093800E-30	3.000E-18	1.4600100E-07	3.000E-16	3.000019E-18	7.6709100E-01
0.590201	5.3376800E-48	3.000E-14	2.3290900E-01	4.5876100E-30	3.000E-18	1.3285600E-07	3.000E-16	3.000018E-18	7.6709100E-01
0.591431	4.8568500E-48	3.000E-14	2.3290900E-01	4.3760600E-30	3.000E-18	1.2089400E-07	3.000E-16	3.000016E-18	7.6709100E-01
0.592661	4.4193400E-48	3.000E-14	2.3290900E-01	4.1742800E-30	3.000E-18	1.1000900E-07	3.000E-16	3.000015E-18	7.6709100E-01
0.593890	4.0212600E-48	3.000E-14	2.3290900E-01	3.9818200E-30	3.000E-18	1.0010400E-07	3.000E-16	3.000013E-18	7.6709100E-01
0.595120	3.6590700E-48	3.000E-14	2.3290900E-01	3.7982400E-30	3.000E-18	9.1091500E-08	3.000E-16	3.000012E-18	7.6709100E-01
0.596349	3.3295000E-48	3.000E-14	2.3290900E-01	3.6231400E-30	3.000E-18	8.2889900E-08	3.000E-16	3.000011E-18	7.6709100E-01
0.597579	3.0296300E-48	3.000E-14	2.3290900E-01	3.4561100E-30	3.000E-18	7.5426800E-08	3.000E-16	3.000010E-18	7.6709100E-01
0.598808	2.7567600E-48	3.000E-14	2.3290900E-01	3.2967800E-30	3.000E-18	6.8635400E-08	3.000E-16	3.000009E-18	7.6709100E-01
0.600038	2.5084900E-48	3.000E-14	2.3290900E-01	3.1448200E-30	3.000E-18	6.2455900E-08	3.000E-16	3.000008E-18	7.6709100E-01
0.601268	2.2825800E-48	3.000E-14	2.3290900E-01	2.9998600E-30	3.000E-18	5.6832600E-08	3.000E-16	3.000008E-18	7.6709100E-01
0.602497	2.0770200E-48	3.000E-14	2.3290900E-01	2.8615800E-30	3.000E-18	5.1715600E-08	3.000E-16	3.000007E-18	7.6709100E-01
0.603727	1.8899700E-48	3.000E-14	2.3290900E-01	2.7296900E-30	3.000E-18	4.7059300E-08	3.000E-16	3.000006E-18	7.6709100E-01
0.604956	1.7197700E-48	3.000E-14	2.3290900E-01	2.6038700E-30	3.000E-18	4.2822100E-08	3.000E-16	3.000006E-18	7.6709100E-01
0.606186	1.5649100E-48	3.000E-14	2.3290900E-01	2.4838600E-30	3.000E-18	3.8966600E-08	3.000E-16	3.000005E-18	7.6709100E-01
0.607416	1.4239900E-48	3.000E-14	2.3290900E-01	2.3693800E-30	3.000E-18	3.5458200E-08	3.000E-16	3.000005E-18	7.6709100E-01
0.608645	1.2957600E-48	3.000E-14	2.3290900E-01	2.2601800E-30	3.000E-18	3.2265700E-08	3.000E-16	3.000004E-18	7.6709100E-01
0.609875	1.1790700E-48	3.000E-14	2.3290900E-01	2.1560100E-30	3.000E-18	2.9360500E-08	3.000E-16	3.000004E-18	7.6709100E-01
0.611104	1.0729000E-48	3.000E-14	2.3290900E-01	2.0566500E-30	3.000E-18	2.6717100E-08	3.000E-16	3.000004E-18	7.6709100E-01
0.612334	9.7629300E-49	3.000E-14	2.3290900E-01	1.9618600E-30	3.000E-18	2.4311500E-08	3.000E-16	3.000003E-18	7.6709100E-01
0.613563	8.8838300E-49	3.000E-14	2.3290900E-01	1.8714500E-30	3.000E-18	2.2122600E-08	3.000E-16	3.000003E-18	7.6709100E-01
0.614793	8.0838900E-49	3.000E-14	2.3290900E-01	1.7852000E-30	3.000E-18	2.0130800E-08	3.000E-16	3.000003E-18	7.6709100E-01
0.616023	7.3559600E-49	3.000E-14	2.3290900E-01	1.7029300E-30	3.000E-18	1.8318200E-08	3.000E-16	3.000002E-18	7.6709100E-01
0.617252	6.6936300E-49	3.000E-14	2.3290900E-01	1.6244500E-30	3.000E-18	1.6668900E-08	3.000E-16	3.000002E-18	7.6709100E-01
0.618482	6.0909200E-49	3.000E-14	2.3290900E-01	1.5495900E-30	3.000E-18	1.5168100E-08	3.000E-16	3.000002E-18	7.6709100E-01
0.619711	5.5424800E-49	3.000E-14	2.3290900E-01	1.4781800E-30	3.000E-18	1.3802400E-08	3.000E-16	3.000002E-18	7.6709100E-01
0.620941	5.0434100E-49	3.000E-14	2.3290900E-01	1.4100600E-30	3.000E-18	1.2559700E-08	3.000E-16	3.000002E-18	7.6709100E-01
0.622171	4.5893100E-49	3.000E-14	2.3290900E-01	1.3450800E-30	3.000E-18	1.1428900E-08	3.000E-16	3.000002E-18	7.6709100E-01
0.623400	4.1760900E-49	3.000E-14	2.3290900E-01	1.2831000E-30	3.000E-18	1.0399900E-08	3.000E-16	3.000001E-18	7.6709100E-01
0.624630	3.8000700E-49	3.000E-14	2.3290900E-01	1.2239700E-30	3.000E-18	9.4634900E-09	3.000E-16	3.000001E-18	7.6709100E-01
0.625859	3.4579000E-49	3.000E-14	2.3290900E-01	1.1675600E-30	3.000E-18	8.6114000E-09	3.000E-16	3.000001E-18	7.6709100E-01
0.627089	3.1465600E-49	3.000E-14	2.3290900E-01	1.1137600E-30	3.000E-18	7.8360900E-09	3.000E-16	3.000001E-18	7.6709100E-01
0.628319	2.8632500E-49	3.000E-14	2.3290900E-01	1.0624400E-30	3.000E-18	7.1305500E-09	3.000E-16	3.000001E-18	7.6709100E-01